Z
8
9
10
11
12
13
14
15
16
17
18
19
20
21
22
23
24
25
26
27
28
29
30
31
32
33
34
35
36
37
38
39
40
41
42
43
44
45
46
47
48
49
50
8
-2.038
-30.997
-8.1 37
-1.1 08
-0.599
-0.61 8
-0.929
-0.998
-1.457
-2.082
-2.779
-1.500
-0.966
-1.083
-1.300
-1.477
-2.451
-1.962
-1.577
-2.522
-3.01 3
-4.405
-3.694
-3.245
-2.41 5
-2.1 89
-1.357
--1 ,391
-~ 1.432
-1.387
-1.01 2
-0.947
-0.960
-0.1 84
1.1 57
1.1 57
1.1 57
1.141
1.141
1.141
1.1 41
-2.01 5
-1.957
b,
17 634
5 569
7 102
29 778
51 200
61 112
45 786
45 579
33 964
25 555
19 784
29 714
50 494
50 773
39 583
37 779
22 944
28 845
44 670
22 906
19 358
14 344
16 277
17 357
24 695
29 184
65 926
66 774
68 070
49 729
78 049
92 565
96 320
297 380
0 320
-0 320
-0 31 9
-0 488
-0 488
-0 488
-0 488
59 177
61 985
C
2 887
4 307
3 058
1 972
1 836
1926
2 093
2 055
2 154
2 245
2 290
2 008
1 901
1873
1852
1816
1862
1756
1651
1697
1692
1 728
1634
1580
1491
1457
1 344
1 329
1320
1333
1 306
1294
1 285
1 241
1275
1275
1 265
1269
1 269
1 269
1 269
1 308
1 302
4,
0.50
0.25
0.1 3
0.40
0.20
0.25
0.25
0.30
0.30
0.30
0.40
0.40
0.50
0.50
0.60
0.60
0.60
0.70
0.80
0.80
0.80
0.80
0.90
0.90
1 .oo
1 .oo
1.25
1.25
1.25
1.25
1.25
1.25
1.25
1.25
2.00
2.00
2.00
2.00
2.00
2.00
2.00
0.80
0.80
b,
1 339
2 800
2419
2 157
1 884
1717
1 538
1425
1321
1 268
1 084
1105
0 963
0 952
0 838
0 842
0819
0 753
0 679
0 659
0 656
0 651
0 603
0612
0 576
0 579
0 491
0 490
0 486
0 467
0 470
0 468
0 466
0 478
0 375
0 363
0 358
0411
0 400
0 379
0 371
0 782
0 770
q*
0.839
0.656
0.768
0.902
1.024
1.1 32
1.285
1.403
1.581
1.674
1.889
1.922
2.1 78
2.248
2.463
2.501
2.636
2.792
3.1 47
3.244
3.309
3.370
3.533
3.541
3.754
3.791
4.339
4.436
4.543
4.706
4.779
4.831
4.895
4.876
5.653
5.81 5
6.006
5.624
5.734
6.119
6.21 9
2.226
2.265
b,
0718
0 659
0 605
0 555
0512
0 476
0 442
0413
0 373
0 354
0 338
0 319
0 300
0 287
0 276
0 265
0 252
0 243
0 226
0219
0212
0 205
0 203
0 200
0 190
0 187
0 175
0 169
0 164
0 159
0 154
0 151
0 148
0 145
0 136
0 133
0117
0 127
0 124
0 117
0114
0 326
0 324
91
7.0
7.0
7.0
7.0
7.0
7.0
7 .O
7.0
10.0
10.0
10.0
10.0
10.0
10.0
10.0
10.0
100
10.0
10.0
10.0
10.0
10.0
10.0
10.0
10.0
10.0
15.0
15.0
15.0
15.0
15.0
15.0
15.0
15.0
15.0
15.0
15.0
15.0
15.0
15.0
15.0
7.0
7.0 